(kicad_pcb (version 20171130) (host pcbnew 5.1.9)

  (general
    (thickness 1.6)
    (drawings 41)
    (tracks 575)
    (zones 0)
    (modules 52)
    (nets 53)
  )

  (page A4)
  (layers
    (0 F.Cu signal)
    (31 B.Cu signal)
    (32 B.Adhes user)
    (33 F.Adhes user)
    (34 B.Paste user)
    (35 F.Paste user)
    (36 B.SilkS user)
    (37 F.SilkS user)
    (38 B.Mask user hide)
    (39 F.Mask user hide)
    (40 Dwgs.User user)
    (41 Cmts.User user)
    (42 Eco1.User user)
    (43 Eco2.User user)
    (44 Edge.Cuts user)
    (45 Margin user)
    (46 B.CrtYd user)
    (47 F.CrtYd user hide)
    (48 B.Fab user)
    (49 F.Fab user)
  )

  (setup
    (last_trace_width 0.25)
    (trace_clearance 0.2)
    (zone_clearance 0.508)
    (zone_45_only no)
    (trace_min 0.2)
    (via_size 0.8)
    (via_drill 0.4)
    (via_min_size 0.4)
    (via_min_drill 0.3)
    (uvia_size 0.3)
    (uvia_drill 0.1)
    (uvias_allowed no)
    (uvia_min_size 0.2)
    (uvia_min_drill 0.1)
    (edge_width 0.05)
    (segment_width 0.2)
    (pcb_text_width 0.3)
    (pcb_text_size 1.5 1.5)
    (mod_edge_width 0.12)
    (mod_text_size 1 1)
    (mod_text_width 0.15)
    (pad_size 1.95 0.6)
    (pad_drill 0)
    (pad_to_mask_clearance 0)
    (aux_axis_origin 0 0)
    (visible_elements FFFDFF7F)
    (pcbplotparams
      (layerselection 0x010fc_ffffffff)
      (usegerberextensions false)
      (usegerberattributes true)
      (usegerberadvancedattributes true)
      (creategerberjobfile true)
      (excludeedgelayer true)
      (linewidth 0.100000)
      (plotframeref false)
      (viasonmask false)
      (mode 1)
      (useauxorigin false)
      (hpglpennumber 1)
      (hpglpenspeed 20)
      (hpglpendiameter 15.000000)
      (psnegative false)
      (psa4output false)
      (plotreference true)
      (plotvalue true)
      (plotinvisibletext false)
      (padsonsilk false)
      (subtractmaskfromsilk false)
      (outputformat 1)
      (mirror false)
      (drillshape 1)
      (scaleselection 1)
      (outputdirectory ""))
  )

  (net 0 "")
  (net 1 GND)
  (net 2 +BATT)
  (net 3 "Net-(C2-Pad1)")
  (net 4 Batt_current)
  (net 5 +3V3)
  (net 6 +5V)
  (net 7 uC_reset)
  (net 8 "Net-(C11-Pad1)")
  (net 9 "Net-(C14-Pad1)")
  (net 10 pw_sw2)
  (net 11 NTC)
  (net 12 uC_boot)
  (net 13 uC_RX)
  (net 14 uC_TX)
  (net 15 SCL)
  (net 16 SDA)
  (net 17 pw_sw1)
  (net 18 D+)
  (net 19 D-)
  (net 20 "Net-(Q1-Pad3)")
  (net 21 "Net-(Q1-Pad2)")
  (net 22 "Net-(Q2-Pad1)")
  (net 23 "Net-(R6-Pad1)")
  (net 24 "Net-(R11-Pad2)")
  (net 25 uC_SDIO)
  (net 26 auto_pwr)
  (net 27 "Net-(U1-Pad8)")
  (net 28 MISO)
  (net 29 MOSI)
  (net 30 SCLK)
  (net 31 SS1)
  (net 32 "Net-(U2-Pad6)")
  (net 33 "Net-(U2-Pad7)")
  (net 34 "Net-(U5-Pad9)")
  (net 35 "Net-(U6-Pad15)")
  (net 36 "Net-(U6-Pad12)")
  (net 37 "Net-(U6-Pad11)")
  (net 38 "Net-(U6-Pad10)")
  (net 39 "Net-(U6-Pad9)")
  (net 40 "Net-(U6-Pad8)")
  (net 41 "Net-(U6-Pad7)")
  (net 42 "Net-(U7-Pad4)")
  (net 43 "Net-(U7-Pad3)")
  (net 44 SS)
  (net 45 "Net-(U5-Pad11)")
  (net 46 "Net-(U1-Pad5)")
  (net 47 INT_BNO)
  (net 48 "Net-(U1-Pad7)")
  (net 49 "Net-(U5-Pad17)")
  (net 50 "Net-(BZ1-Pad2)")
  (net 51 "Net-(Q3-Pad1)")
  (net 52 Buzzer)

  (net_class Default "This is the default net class."
    (clearance 0.2)
    (trace_width 0.25)
    (via_dia 0.8)
    (via_drill 0.4)
    (uvia_dia 0.3)
    (uvia_drill 0.1)
    (add_net +3V3)
    (add_net +5V)
    (add_net +BATT)
    (add_net Batt_current)
    (add_net Buzzer)
    (add_net D+)
    (add_net D-)
    (add_net GND)
    (add_net INT_BNO)
    (add_net MISO)
    (add_net MOSI)
    (add_net NTC)
    (add_net "Net-(BZ1-Pad2)")
    (add_net "Net-(C11-Pad1)")
    (add_net "Net-(C14-Pad1)")
    (add_net "Net-(C2-Pad1)")
    (add_net "Net-(Q1-Pad2)")
    (add_net "Net-(Q1-Pad3)")
    (add_net "Net-(Q2-Pad1)")
    (add_net "Net-(Q3-Pad1)")
    (add_net "Net-(R11-Pad2)")
    (add_net "Net-(R6-Pad1)")
    (add_net "Net-(U1-Pad5)")
    (add_net "Net-(U1-Pad7)")
    (add_net "Net-(U1-Pad8)")
    (add_net "Net-(U2-Pad6)")
    (add_net "Net-(U2-Pad7)")
    (add_net "Net-(U5-Pad11)")
    (add_net "Net-(U5-Pad17)")
    (add_net "Net-(U5-Pad9)")
    (add_net "Net-(U6-Pad10)")
    (add_net "Net-(U6-Pad11)")
    (add_net "Net-(U6-Pad12)")
    (add_net "Net-(U6-Pad15)")
    (add_net "Net-(U6-Pad7)")
    (add_net "Net-(U6-Pad8)")
    (add_net "Net-(U6-Pad9)")
    (add_net "Net-(U7-Pad3)")
    (add_net "Net-(U7-Pad4)")
    (add_net SCL)
    (add_net SCLK)
    (add_net SDA)
    (add_net SS)
    (add_net SS1)
    (add_net auto_pwr)
    (add_net pw_sw1)
    (add_net pw_sw2)
    (add_net uC_RX)
    (add_net uC_SDIO)
    (add_net uC_TX)
    (add_net uC_boot)
    (add_net uC_reset)
  )

  (module other:ESP-12E (layer F.Cu) (tedit 60555414) (tstamp 6054D79B)
    (at 121 55)
    (descr "Wi-Fi Module, http://wiki.ai-thinker.com/_media/esp8266/docs/aithinker_esp_12f_datasheet_en.pdf")
    (tags "Wi-Fi Module")
    (path /603E9E80)
    (attr smd)
    (fp_text reference U5 (at 11 -4) (layer F.SilkS) hide
      (effects (font (size 1 1) (thickness 0.15)))
    )
    (fp_text value ESP-12F (at -0.06 -12.78) (layer F.Fab) hide
      (effects (font (size 1 1) (thickness 0.15)))
    )
    (fp_text user "KEEP-OUT ZONE" (at 0.03 -9.55 180) (layer Cmts.User) hide
      (effects (font (size 1 1) (thickness 0.15)))
    )
    (fp_text user Antenna (at -0.06 -7 180) (layer Cmts.User) hide
      (effects (font (size 1 1) (thickness 0.15)))
    )
    (fp_text user %R (at 0.49 -0.8) (layer F.Fab) hide
      (effects (font (size 1 1) (thickness 0.15)))
    )
    (fp_line (start 8.12 -4.8) (end -8.12 -4.8) (layer Dwgs.User) (width 0.12))
    (fp_line (start -8.12 12.12) (end -8.12 11.5) (layer F.SilkS) (width 0.12))
    (fp_line (start -6 12.12) (end -8.12 12.12) (layer F.SilkS) (width 0.12))
    (fp_line (start 8.12 12.12) (end 6 12.12) (layer F.SilkS) (width 0.12))
    (fp_line (start 8.12 11.5) (end 8.12 12.12) (layer F.SilkS) (width 0.12))
    (fp_line (start -9.05 13.1) (end -9.05 -12.2) (layer F.CrtYd) (width 0.05))
    (fp_line (start 9.05 13.1) (end -9.05 13.1) (layer F.CrtYd) (width 0.05))
    (fp_line (start 9.05 -12.2) (end 9.05 13.1) (layer F.CrtYd) (width 0.05))
    (fp_line (start -9.05 -12.2) (end 9.05 -12.2) (layer F.CrtYd) (width 0.05))
    (fp_line (start -8 -3) (end -7.5 -3.5) (layer F.Fab) (width 0.12))
    (fp_line (start -8 12) (end -8 -4.826) (layer F.Fab) (width 0.12))
    (fp_line (start 8 12) (end -8 12) (layer F.Fab) (width 0.12))
    (fp_line (start 8 -4.826) (end 8 12) (layer F.Fab) (width 0.12))
    (pad 22 smd rect (at 7.6 -3.5) (size 2.5 1) (layers F.Cu F.Paste F.Mask)
      (net 14 uC_TX))
    (pad 21 smd rect (at 7.6 -1.5) (size 2.5 1) (layers F.Cu F.Paste F.Mask)
      (net 13 uC_RX))
    (pad 20 smd rect (at 7.6 0.5) (size 2.5 1) (layers F.Cu F.Paste F.Mask)
      (net 15 SCL))
    (pad 19 smd rect (at 7.6 2.5) (size 2.5 1) (layers F.Cu F.Paste F.Mask)
      (net 16 SDA))
    (pad 18 smd rect (at 7.6 4.5) (size 2.5 1) (layers F.Cu F.Paste F.Mask)
      (net 12 uC_boot))
    (pad 17 smd rect (at 7.6 6.5) (size 2.5 1) (layers F.Cu F.Paste F.Mask)
      (net 49 "Net-(U5-Pad17)"))
    (pad 16 smd rect (at 7.6 8.5) (size 2.5 1) (layers F.Cu F.Paste F.Mask)
      (net 25 uC_SDIO))
    (pad 15 smd rect (at 7.6 10.5) (size 2.5 1) (layers F.Cu F.Paste F.Mask)
      (net 1 GND))
    (pad 14 smd rect (at 5 12) (size 1 1.8) (layers F.Cu F.Paste F.Mask)
      (net 30 SCLK))
    (pad 13 smd rect (at 3 12) (size 1 1.8) (layers F.Cu F.Paste F.Mask)
      (net 29 MOSI))
    (pad 12 smd rect (at 1 12) (size 1 1.8) (layers F.Cu F.Paste F.Mask)
      (net 44 SS))
    (pad 11 smd rect (at -1 12) (size 1 1.8) (layers F.Cu F.Paste F.Mask)
      (net 45 "Net-(U5-Pad11)"))
    (pad 10 smd rect (at -3 12) (size 1 1.8) (layers F.Cu F.Paste F.Mask)
      (net 28 MISO))
    (pad 9 smd rect (at -5 12) (size 1 1.8) (layers F.Cu F.Paste F.Mask)
      (net 34 "Net-(U5-Pad9)"))
    (pad 8 smd rect (at -7.6 10.5) (size 2.5 1) (layers F.Cu F.Paste F.Mask)
      (net 5 +3V3))
    (pad 7 smd rect (at -7.6 8.5) (size 2.5 1) (layers F.Cu F.Paste F.Mask)
      (net 47 INT_BNO))
    (pad 6 smd rect (at -7.6 6.5) (size 2.5 1) (layers F.Cu F.Paste F.Mask)
      (net 26 auto_pwr))
    (pad 5 smd rect (at -7.6 4.5) (size 2.5 1) (layers F.Cu F.Paste F.Mask)
      (net 52 Buzzer))
    (pad 4 smd rect (at -7.6 2.5) (size 2.5 1) (layers F.Cu F.Paste F.Mask)
      (net 31 SS1))
    (pad 3 smd rect (at -7.6 0.5) (size 2.5 1) (layers F.Cu F.Paste F.Mask)
      (net 24 "Net-(R11-Pad2)"))
    (pad 2 smd rect (at -7.6 -1.5) (size 2.5 1) (layers F.Cu F.Paste F.Mask)
      (net 4 Batt_current))
    (pad 1 smd rect (at -7.6 -3.5) (size 2.5 1) (layers F.Cu F.Paste F.Mask)
      (net 7 uC_reset))
    (model ${KISYS3DMOD}/RF_Module.3dshapes/ESP-12E.wrl
      (at (xyz 0 0 0))
      (scale (xyz 1 1 1))
      (rotate (xyz 0 0 0))
    )
  )

  (module MountingHole:MountingHole_2.2mm_M2_DIN965_Pad (layer F.Cu) (tedit 6054C742) (tstamp 60554D5A)
    (at 142.85 52.15)
    (descr "Mounting Hole 2.2mm, M2, DIN965")
    (tags "mounting hole 2.2mm m2 din965")
    (attr virtual)
    (fp_text reference REF** (at 0 -2.9) (layer F.SilkS) hide
      (effects (font (size 1 1) (thickness 0.15)))
    )
    (fp_text value MountingHole_2.2mm_M2_DIN965_Pad (at 0 2.9) (layer F.Fab)
      (effects (font (size 1 1) (thickness 0.15)))
    )
    (fp_circle (center 0 0) (end 1.9 0) (layer Cmts.User) (width 0.15))
    (fp_circle (center 0 0) (end 2.15 0) (layer F.CrtYd) (width 0.05))
    (fp_text user %R (at 0.3 0) (layer F.Fab)
      (effects (font (size 1 1) (thickness 0.15)))
    )
    (pad 1 thru_hole circle (at 0 0) (size 3.8 3.8) (drill 2) (layers *.Cu *.Mask))
  )

  (module MountingHole:MountingHole_2.2mm_M2_DIN965_Pad (layer F.Cu) (tedit 6054C742) (tstamp 605552B8)
    (at 142.85 117.85)
    (descr "Mounting Hole 2.2mm, M2, DIN965")
    (tags "mounting hole 2.2mm m2 din965")
    (attr virtual)
    (fp_text reference REF** (at 0 -2.9) (layer F.SilkS) hide
      (effects (font (size 1 1) (thickness 0.15)))
    )
    (fp_text value MountingHole_2.2mm_M2_DIN965_Pad (at 0 2.9) (layer F.Fab)
      (effects (font (size 1 1) (thickness 0.15)))
    )
    (fp_circle (center 0 0) (end 1.9 0) (layer Cmts.User) (width 0.15))
    (fp_circle (center 0 0) (end 2.15 0) (layer F.CrtYd) (width 0.05))
    (fp_text user %R (at 0.3 0) (layer F.Fab)
      (effects (font (size 1 1) (thickness 0.15)))
    )
    (pad 1 thru_hole circle (at 0 0) (size 3.8 3.8) (drill 2) (layers *.Cu *.Mask))
  )

  (module MountingHole:MountingHole_2.2mm_M2_DIN965_Pad (layer F.Cu) (tedit 6054C742) (tstamp 60554D3E)
    (at 97.15 117.86)
    (descr "Mounting Hole 2.2mm, M2, DIN965")
    (tags "mounting hole 2.2mm m2 din965")
    (attr virtual)
    (fp_text reference REF** (at 0 -2.9) (layer F.SilkS) hide
      (effects (font (size 1 1) (thickness 0.15)))
    )
    (fp_text value MountingHole_2.2mm_M2_DIN965_Pad (at 0 2.9) (layer F.Fab)
      (effects (font (size 1 1) (thickness 0.15)))
    )
    (fp_circle (center 0 0) (end 1.9 0) (layer Cmts.User) (width 0.15))
    (fp_circle (center 0 0) (end 2.15 0) (layer F.CrtYd) (width 0.05))
    (fp_text user %R (at 0.3 0) (layer F.Fab)
      (effects (font (size 1 1) (thickness 0.15)))
    )
    (pad 1 thru_hole circle (at 0 0) (size 3.8 3.8) (drill 2) (layers *.Cu *.Mask))
  )

  (module MountingHole:MountingHole_2.2mm_M2_DIN965_Pad (layer F.Cu) (tedit 6054C742) (tstamp 60554D00)
    (at 97.15 52.15)
    (descr "Mounting Hole 2.2mm, M2, DIN965")
    (tags "mounting hole 2.2mm m2 din965")
    (attr virtual)
    (fp_text reference REF** (at 0 -2.9) (layer F.SilkS) hide
      (effects (font (size 1 1) (thickness 0.15)))
    )
    (fp_text value MountingHole_2.2mm_M2_DIN965_Pad (at 0 2.9) (layer F.Fab)
      (effects (font (size 1 1) (thickness 0.15)))
    )
    (fp_circle (center 0 0) (end 2.15 0) (layer F.CrtYd) (width 0.05))
    (fp_circle (center 0 0) (end 1.9 0) (layer Cmts.User) (width 0.15))
    (fp_text user %R (at 0.3 0) (layer F.Fab)
      (effects (font (size 1 1) (thickness 0.15)))
    )
    (pad 1 thru_hole circle (at 0 0) (size 3.8 3.8) (drill 2) (layers *.Cu *.Mask))
  )

  (module Capacitor_SMD:C_1206_3216Metric_Pad1.33x1.80mm_HandSolder (layer F.Cu) (tedit 5F68FEEF) (tstamp 605553C6)
    (at 116.325 116.9 270)
    (descr "Capacitor SMD 1206 (3216 Metric), square (rectangular) end terminal, IPC_7351 nominal with elongated pad for handsoldering. (Body size source: IPC-SM-782 page 76, https://www.pcb-3d.com/wordpress/wp-content/uploads/ipc-sm-782a_amendment_1_and_2.pdf), generated with kicad-footprint-generator")
    (tags "capacitor handsolder")
    (path /6050390A)
    (attr smd)
    (fp_text reference C7 (at -3.55 0 90) (layer F.SilkS)
      (effects (font (size 1 1) (thickness 0.15)))
    )
    (fp_text value 10uF (at 0 1.85 90) (layer F.Fab)
      (effects (font (size 1 1) (thickness 0.15)))
    )
    (fp_line (start 2.48 1.15) (end -2.48 1.15) (layer F.CrtYd) (width 0.05))
    (fp_line (start 2.48 -1.15) (end 2.48 1.15) (layer F.CrtYd) (width 0.05))
    (fp_line (start -2.48 -1.15) (end 2.48 -1.15) (layer F.CrtYd) (width 0.05))
    (fp_line (start -2.48 1.15) (end -2.48 -1.15) (layer F.CrtYd) (width 0.05))
    (fp_line (start -0.711252 0.91) (end 0.711252 0.91) (layer F.SilkS) (width 0.12))
    (fp_line (start -0.711252 -0.91) (end 0.711252 -0.91) (layer F.SilkS) (width 0.12))
    (fp_line (start 1.6 0.8) (end -1.6 0.8) (layer F.Fab) (width 0.1))
    (fp_line (start 1.6 -0.8) (end 1.6 0.8) (layer F.Fab) (width 0.1))
    (fp_line (start -1.6 -0.8) (end 1.6 -0.8) (layer F.Fab) (width 0.1))
    (fp_line (start -1.6 0.8) (end -1.6 -0.8) (layer F.Fab) (width 0.1))
    (fp_text user %R (at 0 0 90) (layer F.Fab)
      (effects (font (size 0.8 0.8) (thickness 0.12)))
    )
    (pad 2 smd roundrect (at 1.5625 0 270) (size 1.325 1.8) (layers F.Cu F.Paste F.Mask) (roundrect_rratio 0.188679)
      (net 1 GND))
    (pad 1 smd roundrect (at -1.5625 0 270) (size 1.325 1.8) (layers F.Cu F.Paste F.Mask) (roundrect_rratio 0.188679)
      (net 5 +3V3))
    (model ${KISYS3DMOD}/Capacitor_SMD.3dshapes/C_1206_3216Metric.wrl
      (at (xyz 0 0 0))
      (scale (xyz 1 1 1))
      (rotate (xyz 0 0 0))
    )
  )

  (module Capacitor_SMD:C_1206_3216Metric_Pad1.33x1.80mm_HandSolder (layer F.Cu) (tedit 5F68FEEF) (tstamp 605554E6)
    (at 128.8875 110.75)
    (descr "Capacitor SMD 1206 (3216 Metric), square (rectangular) end terminal, IPC_7351 nominal with elongated pad for handsoldering. (Body size source: IPC-SM-782 page 76, https://www.pcb-3d.com/wordpress/wp-content/uploads/ipc-sm-782a_amendment_1_and_2.pdf), generated with kicad-footprint-generator")
    (tags "capacitor handsolder")
    (path /6042D20E)
    (attr smd)
    (fp_text reference C1 (at 0 -1.85) (layer F.SilkS)
      (effects (font (size 1 1) (thickness 0.15)))
    )
    (fp_text value 10uF (at 0 1.85) (layer F.Fab)
      (effects (font (size 1 1) (thickness 0.15)))
    )
    (fp_line (start -1.6 0.8) (end -1.6 -0.8) (layer F.Fab) (width 0.1))
    (fp_line (start -1.6 -0.8) (end 1.6 -0.8) (layer F.Fab) (width 0.1))
    (fp_line (start 1.6 -0.8) (end 1.6 0.8) (layer F.Fab) (width 0.1))
    (fp_line (start 1.6 0.8) (end -1.6 0.8) (layer F.Fab) (width 0.1))
    (fp_line (start -0.711252 -0.91) (end 0.711252 -0.91) (layer F.SilkS) (width 0.12))
    (fp_line (start -0.711252 0.91) (end 0.711252 0.91) (layer F.SilkS) (width 0.12))
    (fp_line (start -2.48 1.15) (end -2.48 -1.15) (layer F.CrtYd) (width 0.05))
    (fp_line (start -2.48 -1.15) (end 2.48 -1.15) (layer F.CrtYd) (width 0.05))
    (fp_line (start 2.48 -1.15) (end 2.48 1.15) (layer F.CrtYd) (width 0.05))
    (fp_line (start 2.48 1.15) (end -2.48 1.15) (layer F.CrtYd) (width 0.05))
    (fp_text user %R (at 0 0) (layer F.Fab)
      (effects (font (size 0.8 0.8) (thickness 0.12)))
    )
    (pad 1 smd roundrect (at -1.5625 0) (size 1.325 1.8) (layers F.Cu F.Paste F.Mask) (roundrect_rratio 0.188679)
      (net 2 +BATT))
    (pad 2 smd roundrect (at 1.5625 0) (size 1.325 1.8) (layers F.Cu F.Paste F.Mask) (roundrect_rratio 0.188679)
      (net 1 GND))
    (model ${KISYS3DMOD}/Capacitor_SMD.3dshapes/C_1206_3216Metric.wrl
      (at (xyz 0 0 0))
      (scale (xyz 1 1 1))
      (rotate (xyz 0 0 0))
    )
  )

  (module Capacitor_SMD:C_1206_3216Metric_Pad1.33x1.80mm_HandSolder (layer F.Cu) (tedit 5F68FEEF) (tstamp 605554B6)
    (at 135.9375 117.5)
    (descr "Capacitor SMD 1206 (3216 Metric), square (rectangular) end terminal, IPC_7351 nominal with elongated pad for handsoldering. (Body size source: IPC-SM-782 page 76, https://www.pcb-3d.com/wordpress/wp-content/uploads/ipc-sm-782a_amendment_1_and_2.pdf), generated with kicad-footprint-generator")
    (tags "capacitor handsolder")
    (path /6042F114)
    (attr smd)
    (fp_text reference C2 (at 3.7125 0.05) (layer F.SilkS)
      (effects (font (size 1 1) (thickness 0.15)))
    )
    (fp_text value 10uF (at 0 1.85) (layer F.Fab)
      (effects (font (size 1 1) (thickness 0.15)))
    )
    (fp_line (start 2.48 1.15) (end -2.48 1.15) (layer F.CrtYd) (width 0.05))
    (fp_line (start 2.48 -1.15) (end 2.48 1.15) (layer F.CrtYd) (width 0.05))
    (fp_line (start -2.48 -1.15) (end 2.48 -1.15) (layer F.CrtYd) (width 0.05))
    (fp_line (start -2.48 1.15) (end -2.48 -1.15) (layer F.CrtYd) (width 0.05))
    (fp_line (start -0.711252 0.91) (end 0.711252 0.91) (layer F.SilkS) (width 0.12))
    (fp_line (start -0.711252 -0.91) (end 0.711252 -0.91) (layer F.SilkS) (width 0.12))
    (fp_line (start 1.6 0.8) (end -1.6 0.8) (layer F.Fab) (width 0.1))
    (fp_line (start 1.6 -0.8) (end 1.6 0.8) (layer F.Fab) (width 0.1))
    (fp_line (start -1.6 -0.8) (end 1.6 -0.8) (layer F.Fab) (width 0.1))
    (fp_line (start -1.6 0.8) (end -1.6 -0.8) (layer F.Fab) (width 0.1))
    (fp_text user %R (at 0 0) (layer F.Fab)
      (effects (font (size 0.8 0.8) (thickness 0.12)))
    )
    (pad 2 smd roundrect (at 1.5625 0) (size 1.325 1.8) (layers F.Cu F.Paste F.Mask) (roundrect_rratio 0.188679)
      (net 1 GND))
    (pad 1 smd roundrect (at -1.5625 0) (size 1.325 1.8) (layers F.Cu F.Paste F.Mask) (roundrect_rratio 0.188679)
      (net 3 "Net-(C2-Pad1)"))
    (model ${KISYS3DMOD}/Capacitor_SMD.3dshapes/C_1206_3216Metric.wrl
      (at (xyz 0 0 0))
      (scale (xyz 1 1 1))
      (rotate (xyz 0 0 0))
    )
  )

  (module Capacitor_SMD:C_1206_3216Metric_Pad1.33x1.80mm_HandSolder (layer F.Cu) (tedit 5F68FEEF) (tstamp 60555486)
    (at 139.2125 101.35)
    (descr "Capacitor SMD 1206 (3216 Metric), square (rectangular) end terminal, IPC_7351 nominal with elongated pad for handsoldering. (Body size source: IPC-SM-782 page 76, https://www.pcb-3d.com/wordpress/wp-content/uploads/ipc-sm-782a_amendment_1_and_2.pdf), generated with kicad-footprint-generator")
    (tags "capacitor handsolder")
    (path /607DEC6E)
    (attr smd)
    (fp_text reference C3 (at 0 -1.85) (layer F.SilkS)
      (effects (font (size 1 1) (thickness 0.15)))
    )
    (fp_text value 100nF (at 0 1.85) (layer F.Fab)
      (effects (font (size 1 1) (thickness 0.15)))
    )
    (fp_line (start 2.48 1.15) (end -2.48 1.15) (layer F.CrtYd) (width 0.05))
    (fp_line (start 2.48 -1.15) (end 2.48 1.15) (layer F.CrtYd) (width 0.05))
    (fp_line (start -2.48 -1.15) (end 2.48 -1.15) (layer F.CrtYd) (width 0.05))
    (fp_line (start -2.48 1.15) (end -2.48 -1.15) (layer F.CrtYd) (width 0.05))
    (fp_line (start -0.711252 0.91) (end 0.711252 0.91) (layer F.SilkS) (width 0.12))
    (fp_line (start -0.711252 -0.91) (end 0.711252 -0.91) (layer F.SilkS) (width 0.12))
    (fp_line (start 1.6 0.8) (end -1.6 0.8) (layer F.Fab) (width 0.1))
    (fp_line (start 1.6 -0.8) (end 1.6 0.8) (layer F.Fab) (width 0.1))
    (fp_line (start -1.6 -0.8) (end 1.6 -0.8) (layer F.Fab) (width 0.1))
    (fp_line (start -1.6 0.8) (end -1.6 -0.8) (layer F.Fab) (width 0.1))
    (fp_text user %R (at 0 0) (layer F.Fab)
      (effects (font (size 0.8 0.8) (thickness 0.12)))
    )
    (pad 2 smd roundrect (at 1.5625 0) (size 1.325 1.8) (layers F.Cu F.Paste F.Mask) (roundrect_rratio 0.188679)
      (net 1 GND))
    (pad 1 smd roundrect (at -1.5625 0) (size 1.325 1.8) (layers F.Cu F.Paste F.Mask) (roundrect_rratio 0.188679)
      (net 4 Batt_current))
    (model ${KISYS3DMOD}/Capacitor_SMD.3dshapes/C_1206_3216Metric.wrl
      (at (xyz 0 0 0))
      (scale (xyz 1 1 1))
      (rotate (xyz 0 0 0))
    )
  )

  (module Capacitor_SMD:C_1206_3216Metric_Pad1.33x1.80mm_HandSolder (layer F.Cu) (tedit 5F68FEEF) (tstamp 60555456)
    (at 126.15 116.9 270)
    (descr "Capacitor SMD 1206 (3216 Metric), square (rectangular) end terminal, IPC_7351 nominal with elongated pad for handsoldering. (Body size source: IPC-SM-782 page 76, https://www.pcb-3d.com/wordpress/wp-content/uploads/ipc-sm-782a_amendment_1_and_2.pdf), generated with kicad-footprint-generator")
    (tags "capacitor handsolder")
    (path /6050281B)
    (attr smd)
    (fp_text reference C4 (at 0 -1.85 90) (layer F.SilkS)
      (effects (font (size 1 1) (thickness 0.15)))
    )
    (fp_text value 10uF (at 0 1.85 90) (layer F.Fab)
      (effects (font (size 1 1) (thickness 0.15)))
    )
    (fp_line (start -1.6 0.8) (end -1.6 -0.8) (layer F.Fab) (width 0.1))
    (fp_line (start -1.6 -0.8) (end 1.6 -0.8) (layer F.Fab) (width 0.1))
    (fp_line (start 1.6 -0.8) (end 1.6 0.8) (layer F.Fab) (width 0.1))
    (fp_line (start 1.6 0.8) (end -1.6 0.8) (layer F.Fab) (width 0.1))
    (fp_line (start -0.711252 -0.91) (end 0.711252 -0.91) (layer F.SilkS) (width 0.12))
    (fp_line (start -0.711252 0.91) (end 0.711252 0.91) (layer F.SilkS) (width 0.12))
    (fp_line (start -2.48 1.15) (end -2.48 -1.15) (layer F.CrtYd) (width 0.05))
    (fp_line (start -2.48 -1.15) (end 2.48 -1.15) (layer F.CrtYd) (width 0.05))
    (fp_line (start 2.48 -1.15) (end 2.48 1.15) (layer F.CrtYd) (width 0.05))
    (fp_line (start 2.48 1.15) (end -2.48 1.15) (layer F.CrtYd) (width 0.05))
    (fp_text user %R (at 0 0 90) (layer F.Fab)
      (effects (font (size 0.8 0.8) (thickness 0.12)))
    )
    (pad 1 smd roundrect (at -1.5625 0 270) (size 1.325 1.8) (layers F.Cu F.Paste F.Mask) (roundrect_rratio 0.188679)
      (net 2 +BATT))
    (pad 2 smd roundrect (at 1.5625 0 270) (size 1.325 1.8) (layers F.Cu F.Paste F.Mask) (roundrect_rratio 0.188679)
      (net 1 GND))
    (model ${KISYS3DMOD}/Capacitor_SMD.3dshapes/C_1206_3216Metric.wrl
      (at (xyz 0 0 0))
      (scale (xyz 1 1 1))
      (rotate (xyz 0 0 0))
    )
  )

  (module Capacitor_SMD:C_1206_3216Metric_Pad1.33x1.80mm_HandSolder (layer F.Cu) (tedit 5F68FEEF) (tstamp 60555426)
    (at 122.566666 116.9 270)
    (descr "Capacitor SMD 1206 (3216 Metric), square (rectangular) end terminal, IPC_7351 nominal with elongated pad for handsoldering. (Body size source: IPC-SM-782 page 76, https://www.pcb-3d.com/wordpress/wp-content/uploads/ipc-sm-782a_amendment_1_and_2.pdf), generated with kicad-footprint-generator")
    (tags "capacitor handsolder")
    (path /60501375)
    (attr smd)
    (fp_text reference C5 (at 0 -1.85 90) (layer F.SilkS)
      (effects (font (size 1 1) (thickness 0.15)))
    )
    (fp_text value 1uF (at 0 1.85 90) (layer F.Fab)
      (effects (font (size 1 1) (thickness 0.15)))
    )
    (fp_line (start 2.48 1.15) (end -2.48 1.15) (layer F.CrtYd) (width 0.05))
    (fp_line (start 2.48 -1.15) (end 2.48 1.15) (layer F.CrtYd) (width 0.05))
    (fp_line (start -2.48 -1.15) (end 2.48 -1.15) (layer F.CrtYd) (width 0.05))
    (fp_line (start -2.48 1.15) (end -2.48 -1.15) (layer F.CrtYd) (width 0.05))
    (fp_line (start -0.711252 0.91) (end 0.711252 0.91) (layer F.SilkS) (width 0.12))
    (fp_line (start -0.711252 -0.91) (end 0.711252 -0.91) (layer F.SilkS) (width 0.12))
    (fp_line (start 1.6 0.8) (end -1.6 0.8) (layer F.Fab) (width 0.1))
    (fp_line (start 1.6 -0.8) (end 1.6 0.8) (layer F.Fab) (width 0.1))
    (fp_line (start -1.6 -0.8) (end 1.6 -0.8) (layer F.Fab) (width 0.1))
    (fp_line (start -1.6 0.8) (end -1.6 -0.8) (layer F.Fab) (width 0.1))
    (fp_text user %R (at 0 0 90) (layer F.Fab)
      (effects (font (size 0.8 0.8) (thickness 0.12)))
    )
    (pad 2 smd roundrect (at 1.5625 0 270) (size 1.325 1.8) (layers F.Cu F.Paste F.Mask) (roundrect_rratio 0.188679)
      (net 1 GND))
    (pad 1 smd roundrect (at -1.5625 0 270) (size 1.325 1.8) (layers F.Cu F.Paste F.Mask) (roundrect_rratio 0.188679)
      (net 2 +BATT))
    (model ${KISYS3DMOD}/Capacitor_SMD.3dshapes/C_1206_3216Metric.wrl
      (at (xyz 0 0 0))
      (scale (xyz 1 1 1))
      (rotate (xyz 0 0 0))
    )
  )

  (module Capacitor_SMD:C_1206_3216Metric_Pad1.33x1.80mm_HandSolder (layer F.Cu) (tedit 5F68FEEF) (tstamp 605553F6)
    (at 118.983333 116.9 270)
    (descr "Capacitor SMD 1206 (3216 Metric), square (rectangular) end terminal, IPC_7351 nominal with elongated pad for handsoldering. (Body size source: IPC-SM-782 page 76, https://www.pcb-3d.com/wordpress/wp-content/uploads/ipc-sm-782a_amendment_1_and_2.pdf), generated with kicad-footprint-generator")
    (tags "capacitor handsolder")
    (path /60501DB8)
    (attr smd)
    (fp_text reference C6 (at 0 -1.85 90) (layer F.SilkS)
      (effects (font (size 1 1) (thickness 0.15)))
    )
    (fp_text value 1uF (at 0 1.85 90) (layer F.Fab)
      (effects (font (size 1 1) (thickness 0.15)))
    )
    (fp_line (start 2.48 1.15) (end -2.48 1.15) (layer F.CrtYd) (width 0.05))
    (fp_line (start 2.48 -1.15) (end 2.48 1.15) (layer F.CrtYd) (width 0.05))
    (fp_line (start -2.48 -1.15) (end 2.48 -1.15) (layer F.CrtYd) (width 0.05))
    (fp_line (start -2.48 1.15) (end -2.48 -1.15) (layer F.CrtYd) (width 0.05))
    (fp_line (start -0.711252 0.91) (end 0.711252 0.91) (layer F.SilkS) (width 0.12))
    (fp_line (start -0.711252 -0.91) (end 0.711252 -0.91) (layer F.SilkS) (width 0.12))
    (fp_line (start 1.6 0.8) (end -1.6 0.8) (layer F.Fab) (width 0.1))
    (fp_line (start 1.6 -0.8) (end 1.6 0.8) (layer F.Fab) (width 0.1))
    (fp_line (start -1.6 -0.8) (end 1.6 -0.8) (layer F.Fab) (width 0.1))
    (fp_line (start -1.6 0.8) (end -1.6 -0.8) (layer F.Fab) (width 0.1))
    (fp_text user %R (at 0 0 90) (layer F.Fab)
      (effects (font (size 0.8 0.8) (thickness 0.12)))
    )
    (pad 2 smd roundrect (at 1.5625 0 270) (size 1.325 1.8) (layers F.Cu F.Paste F.Mask) (roundrect_rratio 0.188679)
      (net 1 GND))
    (pad 1 smd roundrect (at -1.5625 0 270) (size 1.325 1.8) (layers F.Cu F.Paste F.Mask) (roundrect_rratio 0.188679)
      (net 5 +3V3))
    (model ${KISYS3DMOD}/Capacitor_SMD.3dshapes/C_1206_3216Metric.wrl
      (at (xyz 0 0 0))
      (scale (xyz 1 1 1))
      (rotate (xyz 0 0 0))
    )
  )

  (module Capacitor_SMD:C_1206_3216Metric_Pad1.33x1.80mm_HandSolder (layer F.Cu) (tedit 5F68FEEF) (tstamp 6054C345)
    (at 114.4375 73)
    (descr "Capacitor SMD 1206 (3216 Metric), square (rectangular) end terminal, IPC_7351 nominal with elongated pad for handsoldering. (Body size source: IPC-SM-782 page 76, https://www.pcb-3d.com/wordpress/wp-content/uploads/ipc-sm-782a_amendment_1_and_2.pdf), generated with kicad-footprint-generator")
    (tags "capacitor handsolder")
    (path /6041E701)
    (attr smd)
    (fp_text reference C8 (at 3.5625 0) (layer F.SilkS)
      (effects (font (size 1 1) (thickness 0.15)))
    )
    (fp_text value 10nF (at 0 1.85) (layer F.Fab)
      (effects (font (size 1 1) (thickness 0.15)))
    )
    (fp_line (start -1.6 0.8) (end -1.6 -0.8) (layer F.Fab) (width 0.1))
    (fp_line (start -1.6 -0.8) (end 1.6 -0.8) (layer F.Fab) (width 0.1))
    (fp_line (start 1.6 -0.8) (end 1.6 0.8) (layer F.Fab) (width 0.1))
    (fp_line (start 1.6 0.8) (end -1.6 0.8) (layer F.Fab) (width 0.1))
    (fp_line (start -0.711252 -0.91) (end 0.711252 -0.91) (layer F.SilkS) (width 0.12))
    (fp_line (start -0.711252 0.91) (end 0.711252 0.91) (layer F.SilkS) (width 0.12))
    (fp_line (start -2.48 1.15) (end -2.48 -1.15) (layer F.CrtYd) (width 0.05))
    (fp_line (start -2.48 -1.15) (end 2.48 -1.15) (layer F.CrtYd) (width 0.05))
    (fp_line (start 2.48 -1.15) (end 2.48 1.15) (layer F.CrtYd) (width 0.05))
    (fp_line (start 2.48 1.15) (end -2.48 1.15) (layer F.CrtYd) (width 0.05))
    (fp_text user %R (at 0 0) (layer F.Fab)
      (effects (font (size 0.8 0.8) (thickness 0.12)))
    )
    (pad 1 smd roundrect (at -1.5625 0) (size 1.325 1.8) (layers F.Cu F.Paste F.Mask) (roundrect_rratio 0.188679)
      (net 5 +3V3))
    (pad 2 smd roundrect (at 1.5625 0) (size 1.325 1.8) (layers F.Cu F.Paste F.Mask) (roundrect_rratio 0.188679)
      (net 1 GND))
    (model ${KISYS3DMOD}/Capacitor_SMD.3dshapes/C_1206_3216Metric.wrl
      (at (xyz 0 0 0))
      (scale (xyz 1 1 1))
      (rotate (xyz 0 0 0))
    )
  )

  (module Capacitor_SMD:C_1206_3216Metric_Pad1.33x1.80mm_HandSolder (layer F.Cu) (tedit 5F68FEEF) (tstamp 6054C356)
    (at 114.4375 70)
    (descr "Capacitor SMD 1206 (3216 Metric), square (rectangular) end terminal, IPC_7351 nominal with elongated pad for handsoldering. (Body size source: IPC-SM-782 page 76, https://www.pcb-3d.com/wordpress/wp-content/uploads/ipc-sm-782a_amendment_1_and_2.pdf), generated with kicad-footprint-generator")
    (tags "capacitor handsolder")
    (path /606D3B9B)
    (attr smd)
    (fp_text reference C9 (at 3.5625 0) (layer F.SilkS)
      (effects (font (size 1 1) (thickness 0.15)))
    )
    (fp_text value 100nF (at 0 1.85) (layer F.Fab)
      (effects (font (size 1 1) (thickness 0.15)))
    )
    (fp_line (start -1.6 0.8) (end -1.6 -0.8) (layer F.Fab) (width 0.1))
    (fp_line (start -1.6 -0.8) (end 1.6 -0.8) (layer F.Fab) (width 0.1))
    (fp_line (start 1.6 -0.8) (end 1.6 0.8) (layer F.Fab) (width 0.1))
    (fp_line (start 1.6 0.8) (end -1.6 0.8) (layer F.Fab) (width 0.1))
    (fp_line (start -0.711252 -0.91) (end 0.711252 -0.91) (layer F.SilkS) (width 0.12))
    (fp_line (start -0.711252 0.91) (end 0.711252 0.91) (layer F.SilkS) (width 0.12))
    (fp_line (start -2.48 1.15) (end -2.48 -1.15) (layer F.CrtYd) (width 0.05))
    (fp_line (start -2.48 -1.15) (end 2.48 -1.15) (layer F.CrtYd) (width 0.05))
    (fp_line (start 2.48 -1.15) (end 2.48 1.15) (layer F.CrtYd) (width 0.05))
    (fp_line (start 2.48 1.15) (end -2.48 1.15) (layer F.CrtYd) (width 0.05))
    (fp_text user %R (at 0 0) (layer F.Fab)
      (effects (font (size 0.8 0.8) (thickness 0.12)))
    )
    (pad 1 smd roundrect (at -1.5625 0) (size 1.325 1.8) (layers F.Cu F.Paste F.Mask) (roundrect_rratio 0.188679)
      (net 5 +3V3))
    (pad 2 smd roundrect (at 1.5625 0) (size 1.325 1.8) (layers F.Cu F.Paste F.Mask) (roundrect_rratio 0.188679)
      (net 1 GND))
    (model ${KISYS3DMOD}/Capacitor_SMD.3dshapes/C_1206_3216Metric.wrl
      (at (xyz 0 0 0))
      (scale (xyz 1 1 1))
      (rotate (xyz 0 0 0))
    )
  )

  (module Capacitor_SMD:C_1206_3216Metric_Pad1.33x1.80mm_HandSolder (layer F.Cu) (tedit 5F68FEEF) (tstamp 6054C367)
    (at 111.45 99.5)
    (descr "Capacitor SMD 1206 (3216 Metric), square (rectangular) end terminal, IPC_7351 nominal with elongated pad for handsoldering. (Body size source: IPC-SM-782 page 76, https://www.pcb-3d.com/wordpress/wp-content/uploads/ipc-sm-782a_amendment_1_and_2.pdf), generated with kicad-footprint-generator")
    (tags "capacitor handsolder")
    (path /6046568A)
    (attr smd)
    (fp_text reference C10 (at -3.95 0) (layer F.SilkS)
      (effects (font (size 1 1) (thickness 0.15)))
    )
    (fp_text value 10uF (at 0 1.85) (layer F.Fab)
      (effects (font (size 1 1) (thickness 0.15)))
    )
    (fp_line (start 2.48 1.15) (end -2.48 1.15) (layer F.CrtYd) (width 0.05))
    (fp_line (start 2.48 -1.15) (end 2.48 1.15) (layer F.CrtYd) (width 0.05))
    (fp_line (start -2.48 -1.15) (end 2.48 -1.15) (layer F.CrtYd) (width 0.05))
    (fp_line (start -2.48 1.15) (end -2.48 -1.15) (layer F.CrtYd) (width 0.05))
    (fp_line (start -0.711252 0.91) (end 0.711252 0.91) (layer F.SilkS) (width 0.12))
    (fp_line (start -0.711252 -0.91) (end 0.711252 -0.91) (layer F.SilkS) (width 0.12))
    (fp_line (start 1.6 0.8) (end -1.6 0.8) (layer F.Fab) (width 0.1))
    (fp_line (start 1.6 -0.8) (end 1.6 0.8) (layer F.Fab) (width 0.1))
    (fp_line (start -1.6 -0.8) (end 1.6 -0.8) (layer F.Fab) (width 0.1))
    (fp_line (start -1.6 0.8) (end -1.6 -0.8) (layer F.Fab) (width 0.1))
    (fp_text user %R (at 0 0) (layer F.Fab)
      (effects (font (size 0.8 0.8) (thickness 0.12)))
    )
    (pad 2 smd roundrect (at 1.5625 0) (size 1.325 1.8) (layers F.Cu F.Paste F.Mask) (roundrect_rratio 0.188679)
      (net 1 GND))
    (pad 1 smd roundrect (at -1.5625 0) (size 1.325 1.8) (layers F.Cu F.Paste F.Mask) (roundrect_rratio 0.188679)
      (net 6 +5V))
    (model ${KISYS3DMOD}/Capacitor_SMD.3dshapes/C_1206_3216Metric.wrl
      (at (xyz 0 0 0))
      (scale (xyz 1 1 1))
      (rotate (xyz 0 0 0))
    )
  )

  (module Capacitor_SMD:C_1206_3216Metric_Pad1.33x1.80mm_HandSolder (layer F.Cu) (tedit 5F68FEEF) (tstamp 6054C378)
    (at 125.9125 90.55)
    (descr "Capacitor SMD 1206 (3216 Metric), square (rectangular) end terminal, IPC_7351 nominal with elongated pad for handsoldering. (Body size source: IPC-SM-782 page 76, https://www.pcb-3d.com/wordpress/wp-content/uploads/ipc-sm-782a_amendment_1_and_2.pdf), generated with kicad-footprint-generator")
    (tags "capacitor handsolder")
    (path /604D9A54)
    (attr smd)
    (fp_text reference C11 (at 0 -1.85) (layer F.SilkS)
      (effects (font (size 1 1) (thickness 0.15)))
    )
    (fp_text value 100nF (at 0 1.85) (layer F.Fab)
      (effects (font (size 1 1) (thickness 0.15)))
    )
    (fp_line (start -1.6 0.8) (end -1.6 -0.8) (layer F.Fab) (width 0.1))
    (fp_line (start -1.6 -0.8) (end 1.6 -0.8) (layer F.Fab) (width 0.1))
    (fp_line (start 1.6 -0.8) (end 1.6 0.8) (layer F.Fab) (width 0.1))
    (fp_line (start 1.6 0.8) (end -1.6 0.8) (layer F.Fab) (width 0.1))
    (fp_line (start -0.711252 -0.91) (end 0.711252 -0.91) (layer F.SilkS) (width 0.12))
    (fp_line (start -0.711252 0.91) (end 0.711252 0.91) (layer F.SilkS) (width 0.12))
    (fp_line (start -2.48 1.15) (end -2.48 -1.15) (layer F.CrtYd) (width 0.05))
    (fp_line (start -2.48 -1.15) (end 2.48 -1.15) (layer F.CrtYd) (width 0.05))
    (fp_line (start 2.48 -1.15) (end 2.48 1.15) (layer F.CrtYd) (width 0.05))
    (fp_line (start 2.48 1.15) (end -2.48 1.15) (layer F.CrtYd) (width 0.05))
    (fp_text user %R (at 0 0) (layer F.Fab)
      (effects (font (size 0.8 0.8) (thickness 0.12)))
    )
    (pad 1 smd roundrect (at -1.5625 0) (size 1.325 1.8) (layers F.Cu F.Paste F.Mask) (roundrect_rratio 0.188679)
      (net 8 "Net-(C11-Pad1)"))
    (pad 2 smd roundrect (at 1.5625 0) (size 1.325 1.8) (layers F.Cu F.Paste F.Mask) (roundrect_rratio 0.188679)
      (net 7 uC_reset))
    (model ${KISYS3DMOD}/Capacitor_SMD.3dshapes/C_1206_3216Metric.wrl
      (at (xyz 0 0 0))
      (scale (xyz 1 1 1))
      (rotate (xyz 0 0 0))
    )
  )

  (module Capacitor_SMD:C_1206_3216Metric_Pad1.33x1.80mm_HandSolder (layer F.Cu) (tedit 5F68FEEF) (tstamp 6054C389)
    (at 111.45 96.4)
    (descr "Capacitor SMD 1206 (3216 Metric), square (rectangular) end terminal, IPC_7351 nominal with elongated pad for handsoldering. (Body size source: IPC-SM-782 page 76, https://www.pcb-3d.com/wordpress/wp-content/uploads/ipc-sm-782a_amendment_1_and_2.pdf), generated with kicad-footprint-generator")
    (tags "capacitor handsolder")
    (path /60464F81)
    (attr smd)
    (fp_text reference C12 (at -3.95 0) (layer F.SilkS)
      (effects (font (size 1 1) (thickness 0.15)))
    )
    (fp_text value 0.1uF (at 0 1.85) (layer F.Fab)
      (effects (font (size 1 1) (thickness 0.15)))
    )
    (fp_line (start -1.6 0.8) (end -1.6 -0.8) (layer F.Fab) (width 0.1))
    (fp_line (start -1.6 -0.8) (end 1.6 -0.8) (layer F.Fab) (width 0.1))
    (fp_line (start 1.6 -0.8) (end 1.6 0.8) (layer F.Fab) (width 0.1))
    (fp_line (start 1.6 0.8) (end -1.6 0.8) (layer F.Fab) (width 0.1))
    (fp_line (start -0.711252 -0.91) (end 0.711252 -0.91) (layer F.SilkS) (width 0.12))
    (fp_line (start -0.711252 0.91) (end 0.711252 0.91) (layer F.SilkS) (width 0.12))
    (fp_line (start -2.48 1.15) (end -2.48 -1.15) (layer F.CrtYd) (width 0.05))
    (fp_line (start -2.48 -1.15) (end 2.48 -1.15) (layer F.CrtYd) (width 0.05))
    (fp_line (start 2.48 -1.15) (end 2.48 1.15) (layer F.CrtYd) (width 0.05))
    (fp_line (start 2.48 1.15) (end -2.48 1.15) (layer F.CrtYd) (width 0.05))
    (fp_text user %R (at 0 0) (layer F.Fab)
      (effects (font (size 0.8 0.8) (thickness 0.12)))
    )
    (pad 1 smd roundrect (at -1.5625 0) (size 1.325 1.8) (layers F.Cu F.Paste F.Mask) (roundrect_rratio 0.188679)
      (net 6 +5V))
    (pad 2 smd roundrect (at 1.5625 0) (size 1.325 1.8) (layers F.Cu F.Paste F.Mask) (roundrect_rratio 0.188679)
      (net 1 GND))
    (model ${KISYS3DMOD}/Capacitor_SMD.3dshapes/C_1206_3216Metric.wrl
      (at (xyz 0 0 0))
      (scale (xyz 1 1 1))
      (rotate (xyz 0 0 0))
    )
  )

  (module Capacitor_SMD:C_1206_3216Metric_Pad1.33x1.80mm_HandSolder (layer F.Cu) (tedit 5F68FEEF) (tstamp 6054C39A)
    (at 111.45 90.2)
    (descr "Capacitor SMD 1206 (3216 Metric), square (rectangular) end terminal, IPC_7351 nominal with elongated pad for handsoldering. (Body size source: IPC-SM-782 page 76, https://www.pcb-3d.com/wordpress/wp-content/uploads/ipc-sm-782a_amendment_1_and_2.pdf), generated with kicad-footprint-generator")
    (tags "capacitor handsolder")
    (path /60456E16)
    (attr smd)
    (fp_text reference C13 (at -3.95 -0.025) (layer F.SilkS)
      (effects (font (size 1 1) (thickness 0.15)))
    )
    (fp_text value 0.1uF (at 0 1.85) (layer F.Fab)
      (effects (font (size 1 1) (thickness 0.15)))
    )
    (fp_line (start -1.6 0.8) (end -1.6 -0.8) (layer F.Fab) (width 0.1))
    (fp_line (start -1.6 -0.8) (end 1.6 -0.8) (layer F.Fab) (width 0.1))
    (fp_line (start 1.6 -0.8) (end 1.6 0.8) (layer F.Fab) (width 0.1))
    (fp_line (start 1.6 0.8) (end -1.6 0.8) (layer F.Fab) (width 0.1))
    (fp_line (start -0.711252 -0.91) (end 0.711252 -0.91) (layer F.SilkS) (width 0.12))
    (fp_line (start -0.711252 0.91) (end 0.711252 0.91) (layer F.SilkS) (width 0.12))
    (fp_line (start -2.48 1.15) (end -2.48 -1.15) (layer F.CrtYd) (width 0.05))
    (fp_line (start -2.48 -1.15) (end 2.48 -1.15) (layer F.CrtYd) (width 0.05))
    (fp_line (start 2.48 -1.15) (end 2.48 1.15) (layer F.CrtYd) (width 0.05))
    (fp_line (start 2.48 1.15) (end -2.48 1.15) (layer F.CrtYd) (width 0.05))
    (fp_text user %R (at 0 0) (layer F.Fab)
      (effects (font (size 0.8 0.8) (thickness 0.12)))
    )
    (pad 1 smd roundrect (at -1.5625 0) (size 1.325 1.8) (layers F.Cu F.Paste F.Mask) (roundrect_rratio 0.188679)
      (net 6 +5V))
    (pad 2 smd roundrect (at 1.5625 0) (size 1.325 1.8) (layers F.Cu F.Paste F.Mask) (roundrect_rratio 0.188679)
      (net 1 GND))
    (model ${KISYS3DMOD}/Capacitor_SMD.3dshapes/C_1206_3216Metric.wrl
      (at (xyz 0 0 0))
      (scale (xyz 1 1 1))
      (rotate (xyz 0 0 0))
    )
  )

  (module Capacitor_SMD:C_1206_3216Metric_Pad1.33x1.80mm_HandSolder (layer F.Cu) (tedit 5F68FEEF) (tstamp 6054C3AB)
    (at 111.45 93.3 180)
    (descr "Capacitor SMD 1206 (3216 Metric), square (rectangular) end terminal, IPC_7351 nominal with elongated pad for handsoldering. (Body size source: IPC-SM-782 page 76, https://www.pcb-3d.com/wordpress/wp-content/uploads/ipc-sm-782a_amendment_1_and_2.pdf), generated with kicad-footprint-generator")
    (tags "capacitor handsolder")
    (path /6045742E)
    (attr smd)
    (fp_text reference C14 (at 3.95 0) (layer F.SilkS)
      (effects (font (size 1 1) (thickness 0.15)))
    )
    (fp_text value 0.1uF (at 0 1.85) (layer F.Fab)
      (effects (font (size 1 1) (thickness 0.15)))
    )
    (fp_line (start 2.48 1.15) (end -2.48 1.15) (layer F.CrtYd) (width 0.05))
    (fp_line (start 2.48 -1.15) (end 2.48 1.15) (layer F.CrtYd) (width 0.05))
    (fp_line (start -2.48 -1.15) (end 2.48 -1.15) (layer F.CrtYd) (width 0.05))
    (fp_line (start -2.48 1.15) (end -2.48 -1.15) (layer F.CrtYd) (width 0.05))
    (fp_line (start -0.711252 0.91) (end 0.711252 0.91) (layer F.SilkS) (width 0.12))
